{
 "cells": [
  {
   "cell_type": "markdown",
   "id": "82d6c7ad",
   "metadata": {},
   "source": [
    "# GalaxyZoo\n",
    "\n",
    "After the data have been downloaded for the website, we will show you how to setup a data pipeline in tensorflow using tf.data\n"
   ]
  },
  {
   "cell_type": "code",
   "execution_count": 1,
   "id": "8d4443d5",
   "metadata": {},
   "outputs": [],
   "source": [
    "\n",
    "import glob\n",
    "import pandas as pd\n",
    "from torchvision import transforms\n",
    "from torch.utils.data import DataLoader\n",
    "\n",
    "from utils import trim_file_list, img_label, CustomDataset"
   ]
  },
  {
   "cell_type": "code",
   "execution_count": 10,
   "id": "37fa1f6f",
   "metadata": {},
   "outputs": [],
   "source": [
    "# Path to data and labels\n",
    "img_dir = \"data/images/images_training_rev1\"\n",
    "label_path = \"data/labels.csv\"\n",
    "val_split = 0.2"
   ]
  },
  {
   "cell_type": "code",
   "execution_count": 14,
   "id": "fd3c7da8",
   "metadata": {},
   "outputs": [],
   "source": [
    "# Get labels for all images by ID\n",
    "# set_index means we can use loc for the exact ID rather than order in file\n",
    "# only interested in subset of columns\n",
    "labels_df = pd.read_csv(label_path).set_index('GalaxyID')[['Class1.1','Class1.2','Class1.3']]"
   ]
  },
  {
   "cell_type": "code",
   "execution_count": 16,
   "id": "e9b0f913",
   "metadata": {},
   "outputs": [
    {
     "name": "stdout",
     "output_type": "stream",
     "text": [
      "['data/images/images_training_rev1/100008.jpg', 'data/images/images_training_rev1/100023.jpg', 'data/images/images_training_rev1/100053.jpg', 'data/images/images_training_rev1/100078.jpg', 'data/images/images_training_rev1/100090.jpg']\n"
     ]
    }
   ],
   "source": [
    "# get list of files\n",
    "files = glob.glob(f'{img_dir}/*')\n",
    "files = [str(f) for f in files]\n",
    "files = [f.replace(\"\\\\\", \"/\") for f in files]\n",
    "print(files[:5])"
   ]
  },
  {
   "cell_type": "code",
   "execution_count": 17,
   "id": "b7789250",
   "metadata": {
    "scrolled": true
   },
   "outputs": [
    {
     "name": "stdout",
     "output_type": "stream",
     "text": [
      "['data/images/images_training_rev1/100008.jpg', 'data/images/images_training_rev1/100023.jpg', 'data/images/images_training_rev1/100053.jpg', 'data/images/images_training_rev1/100078.jpg', 'data/images/images_training_rev1/100090.jpg']\n"
     ]
    }
   ],
   "source": [
    "# Trim files\n",
    "files = trim_file_list(files, labels_df=labels_df)\n",
    "print(files[:5])\n"
   ]
  },
  {
   "cell_type": "code",
   "execution_count": 24,
   "id": "e21c7958",
   "metadata": {},
   "outputs": [],
   "source": [
    "# Create tensorflow datset from list of IDs\n",
    "labels = [list(img_label(f, labels_df=labels_df).values) for f in files]"
   ]
  },
  {
   "cell_type": "code",
   "execution_count": 25,
   "id": "d2558989",
   "metadata": {},
   "outputs": [
    {
     "data": {
      "text/plain": [
       "[[np.float64(0.383147), np.float64(0.616853), np.float64(0.0)],\n",
       " [np.float64(0.327001), np.float64(0.663777), np.float64(0.009222)],\n",
       " [np.float64(0.765717), np.float64(0.177352), np.float64(0.056931)],\n",
       " [np.float64(0.693377), np.float64(0.238564), np.float64(0.068059)],\n",
       " [np.float64(0.933839), np.float64(0.0), np.float64(0.066161)],\n",
       " [np.float64(0.738832), np.float64(0.238159), np.float64(0.023009)],\n",
       " [np.float64(0.462492), np.float64(0.456033), np.float64(0.081475)],\n",
       " [np.float64(0.687783), np.float64(0.288344), np.float64(0.023873)],\n",
       " [np.float64(0.021834), np.float64(0.976952), np.float64(0.001214)],\n",
       " [np.float64(0.269843), np.float64(0.730157), np.float64(0.0)],\n",
       " [np.float64(0.429378), np.float64(0.524901), np.float64(0.045721)],\n",
       " [np.float64(0.330462), np.float64(0.669145), np.float64(0.000393)],\n",
       " [np.float64(0.448521), np.float64(0.551479), np.float64(0.0)],\n",
       " [np.float64(0.467625), np.float64(0.53148), np.float64(0.000895)],\n",
       " [np.float64(0.164391), np.float64(0.800759), np.float64(0.03485)],\n",
       " [np.float64(0.338597), np.float64(0.661403), np.float64(0.0)],\n",
       " [np.float64(0.179654), np.float64(0.81853), np.float64(0.001816)],\n",
       " [np.float64(0.64558), np.float64(0.308559), np.float64(0.045861)],\n",
       " [np.float64(0.742621), np.float64(0.191321), np.float64(0.066058)],\n",
       " [np.float64(0.091987), np.float64(0.908013), np.float64(0.0)],\n",
       " [np.float64(0.165002), np.float64(0.834998), np.float64(0.0)],\n",
       " [np.float64(0.471429), np.float64(0.512708), np.float64(0.015863)],\n",
       " [np.float64(0.03), np.float64(0.97), np.float64(0.0)],\n",
       " [np.float64(0.256861), np.float64(0.74281), np.float64(0.000329)],\n",
       " [np.float64(0.3053), np.float64(0.681721), np.float64(0.012979)],\n",
       " [np.float64(0.61), np.float64(0.39), np.float64(0.0)],\n",
       " [np.float64(0.715291), np.float64(0.259587), np.float64(0.025122)],\n",
       " [np.float64(0.748), np.float64(0.214), np.float64(0.038)],\n",
       " [np.float64(0.791103), np.float64(0.138192), np.float64(0.070705)],\n",
       " [np.float64(0.186593), np.float64(0.796066), np.float64(0.017341)],\n",
       " [np.float64(0.820908), np.float64(0.081499), np.float64(0.097593)],\n",
       " [np.float64(0.201416), np.float64(0.745599), np.float64(0.052985)],\n",
       " [np.float64(0.841554), np.float64(0.158446), np.float64(0.0)],\n",
       " [np.float64(0.339372), np.float64(0.649109), np.float64(0.011518)],\n",
       " [np.float64(0.275971), np.float64(0.700977), np.float64(0.023052)],\n",
       " [np.float64(0.04243), np.float64(0.95757), np.float64(0.0)],\n",
       " [np.float64(0.445052), np.float64(0.533256), np.float64(0.021693)],\n",
       " [np.float64(0.288297), np.float64(0.701849), np.float64(0.009854)],\n",
       " [np.float64(0.713051), np.float64(0.15889), np.float64(0.128059)],\n",
       " [np.float64(0.666779), np.float64(0.311222), np.float64(0.022)],\n",
       " [np.float64(0.397461), np.float64(0.569675), np.float64(0.032864)],\n",
       " [np.float64(0.931725), np.float64(0.036703), np.float64(0.031572)],\n",
       " [np.float64(0.044846), np.float64(0.955154), np.float64(0.0)],\n",
       " [np.float64(0.862362), np.float64(0.137638), np.float64(0.0)],\n",
       " [np.float64(0.816171), np.float64(0.156441), np.float64(0.027388)],\n",
       " [np.float64(0.537875), np.float64(0.322783), np.float64(0.139342)],\n",
       " [np.float64(0.638848), np.float64(0.354207), np.float64(0.006945)],\n",
       " [np.float64(0.688286), np.float64(0.238819), np.float64(0.072894)],\n",
       " [np.float64(0.069821), np.float64(0.928216), np.float64(0.001962)],\n",
       " [np.float64(0.490703), np.float64(0.418373), np.float64(0.090924)],\n",
       " [np.float64(0.034997), np.float64(0.965003), np.float64(0.0)],\n",
       " [np.float64(0.017011), np.float64(0.982989), np.float64(0.0)],\n",
       " [np.float64(0.05774), np.float64(0.925928), np.float64(0.016332)],\n",
       " [np.float64(0.312826), np.float64(0.687174), np.float64(0.0)],\n",
       " [np.float64(0.418589), np.float64(0.55783), np.float64(0.023581)],\n",
       " [np.float64(0.727389), np.float64(0.237785), np.float64(0.034826)],\n",
       " [np.float64(0.0), np.float64(1.0), np.float64(0.0)],\n",
       " [np.float64(0.518083), np.float64(0.464151), np.float64(0.017766)],\n",
       " [np.float64(0.806776), np.float64(0.143003), np.float64(0.05022)],\n",
       " [np.float64(0.548984), np.float64(0.430549), np.float64(0.020467)],\n",
       " [np.float64(0.28242), np.float64(0.70733), np.float64(0.01025)],\n",
       " [np.float64(0.384686), np.float64(0.238401), np.float64(0.376913)],\n",
       " [np.float64(0.065374), np.float64(0.934626), np.float64(0.0)],\n",
       " [np.float64(0.475139), np.float64(0.513016), np.float64(0.011844)],\n",
       " [np.float64(0.077166), np.float64(0.895607), np.float64(0.027227)],\n",
       " [np.float64(0.745385), np.float64(0.254615), np.float64(0.0)],\n",
       " [np.float64(0.083596), np.float64(0.905201), np.float64(0.011203)],\n",
       " [np.float64(0.870043), np.float64(0.077985), np.float64(0.051972)],\n",
       " [np.float64(0.361844), np.float64(0.623873), np.float64(0.014283)],\n",
       " [np.float64(0.201007), np.float64(0.720613), np.float64(0.07838)],\n",
       " [np.float64(0.523), np.float64(0.477), np.float64(0.0)],\n",
       " [np.float64(0.034641), np.float64(0.965359), np.float64(0.0)],\n",
       " [np.float64(0.644645), np.float64(0.222222), np.float64(0.133133)],\n",
       " [np.float64(0.737512), np.float64(0.244453), np.float64(0.018035)],\n",
       " [np.float64(0.369798), np.float64(0.630202), np.float64(0.0)],\n",
       " [np.float64(0.037222), np.float64(0.951572), np.float64(0.011206)],\n",
       " [np.float64(0.240397), np.float64(0.743943), np.float64(0.01566)],\n",
       " [np.float64(0.225396), np.float64(0.769924), np.float64(0.00468)],\n",
       " [np.float64(0.090797), np.float64(0.909203), np.float64(0.0)],\n",
       " [np.float64(0.636023), np.float64(0.250403), np.float64(0.113575)],\n",
       " [np.float64(0.781271), np.float64(0.16784), np.float64(0.050888)],\n",
       " [np.float64(0.722908), np.float64(0.252678), np.float64(0.024414)],\n",
       " [np.float64(0.092841), np.float64(0.893727), np.float64(0.013433)],\n",
       " [np.float64(0.576192), np.float64(0.423808), np.float64(0.0)],\n",
       " [np.float64(0.55827), np.float64(0.388391), np.float64(0.053339)],\n",
       " [np.float64(0.831181), np.float64(0.168819), np.float64(0.0)],\n",
       " [np.float64(0.87988), np.float64(0.091484), np.float64(0.028636)],\n",
       " [np.float64(0.656344), np.float64(0.257661), np.float64(0.085995)],\n",
       " [np.float64(0.093262), np.float64(0.90032), np.float64(0.006418)],\n",
       " [np.float64(0.376784), np.float64(0.611058), np.float64(0.012157)],\n",
       " [np.float64(0.047993), np.float64(0.952007), np.float64(0.0)],\n",
       " [np.float64(0.121268), np.float64(0.852081), np.float64(0.026651)],\n",
       " [np.float64(0.444025), np.float64(0.555975), np.float64(0.0)],\n",
       " [np.float64(0.715051), np.float64(0.234858), np.float64(0.050091)],\n",
       " [np.float64(0.31531), np.float64(0.68469), np.float64(0.0)],\n",
       " [np.float64(0.385622), np.float64(0.614378), np.float64(0.0)],\n",
       " [np.float64(0.618786), np.float64(0.312107), np.float64(0.069107)],\n",
       " [np.float64(0.257273), np.float64(0.728601), np.float64(0.014125)],\n",
       " [np.float64(0.394491), np.float64(0.586077), np.float64(0.019431)],\n",
       " [np.float64(0.260917), np.float64(0.739083), np.float64(0.0)],\n",
       " [np.float64(0.399092), np.float64(0.518102), np.float64(0.082807)],\n",
       " [np.float64(0.331373), np.float64(0.646556), np.float64(0.022071)],\n",
       " [np.float64(0.169743), np.float64(0.830257), np.float64(0.0)],\n",
       " [np.float64(0.727063), np.float64(0.254337), np.float64(0.0186)],\n",
       " [np.float64(0.758468), np.float64(0.19524), np.float64(0.046292)],\n",
       " [np.float64(0.789034), np.float64(0.183839), np.float64(0.027127)],\n",
       " [np.float64(0.750104), np.float64(0.155924), np.float64(0.093971)],\n",
       " [np.float64(0.428193), np.float64(0.550411), np.float64(0.021396)],\n",
       " [np.float64(0.253478), np.float64(0.736091), np.float64(0.010431)],\n",
       " [np.float64(0.205444), np.float64(0.785181), np.float64(0.009375)],\n",
       " [np.float64(0.650563), np.float64(0.328268), np.float64(0.02117)],\n",
       " [np.float64(0.30211), np.float64(0.683198), np.float64(0.014691)],\n",
       " [np.float64(0.335298), np.float64(0.623813), np.float64(0.040888)],\n",
       " [np.float64(0.137009), np.float64(0.844953), np.float64(0.018038)],\n",
       " [np.float64(0.606589), np.float64(0.374849), np.float64(0.018562)],\n",
       " [np.float64(0.746572), np.float64(0.232688), np.float64(0.02074)],\n",
       " [np.float64(0.860377), np.float64(0.064327), np.float64(0.075296)],\n",
       " [np.float64(0.913527), np.float64(0.058645), np.float64(0.027828)],\n",
       " [np.float64(0.590388), np.float64(0.338379), np.float64(0.071233)],\n",
       " [np.float64(0.570972), np.float64(0.375011), np.float64(0.054018)],\n",
       " [np.float64(0.171583), np.float64(0.828417), np.float64(0.0)],\n",
       " [np.float64(0.132546), np.float64(0.867454), np.float64(0.0)],\n",
       " [np.float64(0.16016), np.float64(0.834233), np.float64(0.005608)],\n",
       " [np.float64(0.795754), np.float64(0.184937), np.float64(0.019309)],\n",
       " [np.float64(0.254054), np.float64(0.721244), np.float64(0.024702)],\n",
       " [np.float64(0.043443), np.float64(0.946096), np.float64(0.010461)],\n",
       " [np.float64(0.723273), np.float64(0.276727), np.float64(0.0)],\n",
       " [np.float64(0.030228), np.float64(0.969772), np.float64(0.0)],\n",
       " [np.float64(0.437887), np.float64(0.562113), np.float64(0.0)],\n",
       " [np.float64(0.156509), np.float64(0.836695), np.float64(0.006796)],\n",
       " [np.float64(0.113089), np.float64(0.886911), np.float64(0.0)],\n",
       " [np.float64(0.338838), np.float64(0.635555), np.float64(0.025607)],\n",
       " [np.float64(0.456193), np.float64(0.508489), np.float64(0.035318)],\n",
       " [np.float64(0.11632), np.float64(0.877218), np.float64(0.006463)],\n",
       " [np.float64(0.319786), np.float64(0.680214), np.float64(0.0)],\n",
       " [np.float64(0.78041), np.float64(0.204944), np.float64(0.014646)],\n",
       " [np.float64(0.171238), np.float64(0.828762), np.float64(0.0)],\n",
       " [np.float64(0.678036), np.float64(0.28231), np.float64(0.039653)],\n",
       " [np.float64(0.948216), np.float64(0.051784), np.float64(0.0)],\n",
       " [np.float64(0.723381), np.float64(0.275033), np.float64(0.001587)],\n",
       " [np.float64(0.133808), np.float64(0.860998), np.float64(0.005194)],\n",
       " [np.float64(0.203394), np.float64(0.796606), np.float64(0.0)],\n",
       " [np.float64(0.855317), np.float64(0.116171), np.float64(0.028511)],\n",
       " [np.float64(0.18089), np.float64(0.809767), np.float64(0.009344)],\n",
       " [np.float64(0.603217), np.float64(0.396141), np.float64(0.000642)],\n",
       " [np.float64(0.107162), np.float64(0.820145), np.float64(0.072692)],\n",
       " [np.float64(0.04394), np.float64(0.945656), np.float64(0.010404)],\n",
       " [np.float64(0.496224), np.float64(0.503776), np.float64(0.0)],\n",
       " [np.float64(0.112727), np.float64(0.887273), np.float64(0.0)],\n",
       " [np.float64(0.822), np.float64(0.111), np.float64(0.067)],\n",
       " [np.float64(0.679525), np.float64(0.257918), np.float64(0.062557)],\n",
       " [np.float64(0.126799), np.float64(0.864985), np.float64(0.008216)],\n",
       " [np.float64(0.416039), np.float64(0.578523), np.float64(0.005438)],\n",
       " [np.float64(0.025016), np.float64(0.925783), np.float64(0.049201)],\n",
       " [np.float64(0.104629), np.float64(0.877188), np.float64(0.018183)],\n",
       " [np.float64(0.485271), np.float64(0.49924), np.float64(0.015489)],\n",
       " [np.float64(0.199286), np.float64(0.777746), np.float64(0.022968)],\n",
       " [np.float64(0.518751), np.float64(0.459496), np.float64(0.021752)],\n",
       " [np.float64(0.239007), np.float64(0.723905), np.float64(0.037088)],\n",
       " [np.float64(0.558028), np.float64(0.441364), np.float64(0.000608)],\n",
       " [np.float64(0.108068), np.float64(0.853528), np.float64(0.038404)],\n",
       " [np.float64(0.921081), np.float64(0.0), np.float64(0.078919)],\n",
       " [np.float64(0.0), np.float64(0.999491), np.float64(0.000509)],\n",
       " [np.float64(0.918), np.float64(0.0), np.float64(0.082)],\n",
       " [np.float64(0.386429), np.float64(0.605906), np.float64(0.007665)],\n",
       " [np.float64(0.700306), np.float64(0.275727), np.float64(0.023967)],\n",
       " [np.float64(0.241393), np.float64(0.758607), np.float64(0.0)],\n",
       " [np.float64(0.588103), np.float64(0.397764), np.float64(0.014132)],\n",
       " [np.float64(0.754986), np.float64(0.230442), np.float64(0.014572)],\n",
       " [np.float64(0.229132), np.float64(0.718477), np.float64(0.052391)],\n",
       " [np.float64(0.007341), np.float64(0.992659), np.float64(0.0)],\n",
       " [np.float64(0.119271), np.float64(0.875271), np.float64(0.005458)],\n",
       " [np.float64(0.04231), np.float64(0.95769), np.float64(0.0)],\n",
       " [np.float64(0.008077), np.float64(0.96617), np.float64(0.025752)],\n",
       " [np.float64(0.007049), np.float64(0.988113), np.float64(0.004837)],\n",
       " [np.float64(0.612243), np.float64(0.35793), np.float64(0.029827)],\n",
       " [np.float64(0.013761), np.float64(0.971333), np.float64(0.014906)],\n",
       " [np.float64(0.768457), np.float64(0.211815), np.float64(0.019728)],\n",
       " [np.float64(0.846341), np.float64(0.134177), np.float64(0.019483)],\n",
       " [np.float64(0.620074), np.float64(0.379926), np.float64(0.0)],\n",
       " [np.float64(0.12269), np.float64(0.870089), np.float64(0.007221)],\n",
       " [np.float64(0.824734), np.float64(0.175266), np.float64(0.0)],\n",
       " [np.float64(0.592219), np.float64(0.36673), np.float64(0.041052)],\n",
       " [np.float64(0.665077), np.float64(0.289444), np.float64(0.045479)],\n",
       " [np.float64(0.486956), np.float64(0.462539), np.float64(0.050505)],\n",
       " [np.float64(0.216443), np.float64(0.544742), np.float64(0.238815)],\n",
       " [np.float64(0.245247), np.float64(0.704054), np.float64(0.050698)],\n",
       " [np.float64(0.300695), np.float64(0.667608), np.float64(0.031698)],\n",
       " [np.float64(0.641641), np.float64(0.343817), np.float64(0.014543)],\n",
       " [np.float64(0.488056), np.float64(0.395968), np.float64(0.115976)],\n",
       " [np.float64(0.019959), np.float64(0.980041), np.float64(0.0)],\n",
       " [np.float64(0.333472), np.float64(0.664467), np.float64(0.002062)],\n",
       " [np.float64(0.651544), np.float64(0.303465), np.float64(0.044991)],\n",
       " [np.float64(0.044177), np.float64(0.955823), np.float64(0.0)],\n",
       " [np.float64(0.70259), np.float64(0.152927), np.float64(0.144483)],\n",
       " [np.float64(0.501004), np.float64(0.498996), np.float64(0.0)],\n",
       " [np.float64(0.803426), np.float64(0.167448), np.float64(0.029126)],\n",
       " [np.float64(0.567259), np.float64(0.406365), np.float64(0.026376)],\n",
       " [np.float64(0.358125), np.float64(0.641875), np.float64(0.0)],\n",
       " [np.float64(0.463287), np.float64(0.500088), np.float64(0.036624)],\n",
       " [np.float64(0.635202), np.float64(0.334732), np.float64(0.030065)],\n",
       " [np.float64(0.771294), np.float64(0.180726), np.float64(0.04798)],\n",
       " [np.float64(0.74002), np.float64(0.240034), np.float64(0.019946)],\n",
       " [np.float64(0.258245), np.float64(0.73253), np.float64(0.009226)],\n",
       " [np.float64(0.501208), np.float64(0.459156), np.float64(0.039636)],\n",
       " [np.float64(0.113375), np.float64(0.886502), np.float64(0.000124)],\n",
       " [np.float64(0.364348), np.float64(0.635652), np.float64(0.0)],\n",
       " [np.float64(0.909), np.float64(0.091), np.float64(0.0)],\n",
       " [np.float64(0.816184), np.float64(0.146853), np.float64(0.036963)],\n",
       " [np.float64(0.071882), np.float64(0.915685), np.float64(0.012434)],\n",
       " [np.float64(0.180686), np.float64(0.808666), np.float64(0.010648)],\n",
       " [np.float64(0.805), np.float64(0.146), np.float64(0.049)],\n",
       " [np.float64(0.176454), np.float64(0.823546), np.float64(0.0)],\n",
       " [np.float64(0.041385), np.float64(0.958615), np.float64(0.0)],\n",
       " [np.float64(0.457237), np.float64(0.480463), np.float64(0.0623)],\n",
       " [np.float64(0.188775), np.float64(0.788515), np.float64(0.02271)],\n",
       " [np.float64(0.148617), np.float64(0.851383), np.float64(0.0)],\n",
       " [np.float64(0.099171), np.float64(0.900829), np.float64(0.0)],\n",
       " [np.float64(0.770706), np.float64(0.229294), np.float64(0.0)],\n",
       " [np.float64(0.007953), np.float64(0.979745), np.float64(0.012302)],\n",
       " [np.float64(0.229576), np.float64(0.770424), np.float64(0.0)],\n",
       " [np.float64(0.381227), np.float64(0.618773), np.float64(0.0)],\n",
       " [np.float64(0.378345), np.float64(0.577706), np.float64(0.043949)],\n",
       " [np.float64(0.748594), np.float64(0.251406), np.float64(0.0)],\n",
       " [np.float64(0.552642), np.float64(0.435214), np.float64(0.012144)],\n",
       " [np.float64(0.688587), np.float64(0.264818), np.float64(0.046595)],\n",
       " [np.float64(0.203818), np.float64(0.784712), np.float64(0.01147)],\n",
       " [np.float64(0.260065), np.float64(0.712837), np.float64(0.027098)],\n",
       " [np.float64(0.908351), np.float64(0.091649), np.float64(0.0)],\n",
       " [np.float64(0.115638), np.float64(0.884362), np.float64(0.0)],\n",
       " [np.float64(0.718545), np.float64(0.258488), np.float64(0.022967)],\n",
       " [np.float64(0.933), np.float64(0.067), np.float64(0.0)],\n",
       " [np.float64(0.711621), np.float64(0.264006), np.float64(0.024372)],\n",
       " [np.float64(0.811139), np.float64(0.092014), np.float64(0.096848)],\n",
       " [np.float64(0.026522), np.float64(0.864163), np.float64(0.109315)],\n",
       " [np.float64(0.341897), np.float64(0.658103), np.float64(0.0)],\n",
       " [np.float64(0.564306), np.float64(0.364465), np.float64(0.071229)],\n",
       " [np.float64(0.527), np.float64(0.449), np.float64(0.024)],\n",
       " [np.float64(0.594672), np.float64(0.375857), np.float64(0.029472)],\n",
       " [np.float64(0.339793), np.float64(0.660207), np.float64(0.0)],\n",
       " [np.float64(0.085222), np.float64(0.889448), np.float64(0.025331)],\n",
       " [np.float64(0.796207), np.float64(0.053195), np.float64(0.150598)],\n",
       " [np.float64(0.238499), np.float64(0.761501), np.float64(0.0)],\n",
       " [np.float64(0.227227), np.float64(0.754837), np.float64(0.017936)],\n",
       " [np.float64(0.29655), np.float64(0.688233), np.float64(0.015217)],\n",
       " [np.float64(0.0), np.float64(0.995828), np.float64(0.004172)],\n",
       " [np.float64(0.136864), np.float64(0.863136), np.float64(0.0)],\n",
       " [np.float64(0.168596), np.float64(0.831404), np.float64(0.0)],\n",
       " [np.float64(0.568239), np.float64(0.401682), np.float64(0.03008)],\n",
       " [np.float64(0.393314), np.float64(0.596196), np.float64(0.01049)],\n",
       " [np.float64(0.716845), np.float64(0.283155), np.float64(0.0)],\n",
       " [np.float64(0.546627), np.float64(0.438907), np.float64(0.014466)],\n",
       " [np.float64(0.738473), np.float64(0.247139), np.float64(0.014388)],\n",
       " [np.float64(0.751399), np.float64(0.199598), np.float64(0.049004)],\n",
       " [np.float64(0.904495), np.float64(0.0), np.float64(0.095505)],\n",
       " [np.float64(0.901688), np.float64(0.071463), np.float64(0.026849)],\n",
       " [np.float64(0.564299), np.float64(0.435701), np.float64(0.0)],\n",
       " [np.float64(0.085549), np.float64(0.907109), np.float64(0.007343)],\n",
       " [np.float64(0.223862), np.float64(0.769176), np.float64(0.006962)],\n",
       " [np.float64(0.197466), np.float64(0.797741), np.float64(0.004792)],\n",
       " [np.float64(0.777227), np.float64(0.157902), np.float64(0.064871)],\n",
       " [np.float64(0.158279), np.float64(0.841721), np.float64(0.0)],\n",
       " [np.float64(0.182691), np.float64(0.817309), np.float64(0.0)],\n",
       " [np.float64(0.060546), np.float64(0.939454), np.float64(0.0)],\n",
       " [np.float64(0.855049), np.float64(0.108416), np.float64(0.036534)],\n",
       " [np.float64(0.276791), np.float64(0.721908), np.float64(0.0013)],\n",
       " [np.float64(0.389489), np.float64(0.58918), np.float64(0.021331)],\n",
       " [np.float64(0.5653), np.float64(0.374732), np.float64(0.059968)],\n",
       " [np.float64(0.931195), np.float64(0.045215), np.float64(0.02359)],\n",
       " [np.float64(0.73067), np.float64(0.238), np.float64(0.03133)],\n",
       " [np.float64(0.54954), np.float64(0.435993), np.float64(0.014467)],\n",
       " [np.float64(0.0), np.float64(1.0), np.float64(0.0)],\n",
       " [np.float64(0.54902), np.float64(0.433338), np.float64(0.017642)],\n",
       " [np.float64(0.121516), np.float64(0.878484), np.float64(0.0)],\n",
       " [np.float64(0.109451), np.float64(0.890162), np.float64(0.000387)],\n",
       " [np.float64(0.107154), np.float64(0.892846), np.float64(0.0)],\n",
       " [np.float64(0.108), np.float64(0.857641), np.float64(0.034359)],\n",
       " [np.float64(0.171716), np.float64(0.828284), np.float64(0.0)],\n",
       " [np.float64(0.117421), np.float64(0.882579), np.float64(0.0)],\n",
       " [np.float64(0.003114), np.float64(0.996886), np.float64(0.0)],\n",
       " [np.float64(0.373589), np.float64(0.625946), np.float64(0.000465)],\n",
       " [np.float64(0.914811), np.float64(0.0), np.float64(0.085189)],\n",
       " [np.float64(0.735239), np.float64(0.236661), np.float64(0.0281)],\n",
       " [np.float64(0.254489), np.float64(0.745511), np.float64(0.0)],\n",
       " [np.float64(0.577857), np.float64(0.422143), np.float64(0.0)],\n",
       " [np.float64(0.833211), np.float64(0.137453), np.float64(0.029336)],\n",
       " [np.float64(0.911), np.float64(0.089), np.float64(0.0)],\n",
       " [np.float64(0.922761), np.float64(0.051493), np.float64(0.025746)],\n",
       " [np.float64(0.803519), np.float64(0.194233), np.float64(0.002248)],\n",
       " [np.float64(0.264831), np.float64(0.718021), np.float64(0.017148)],\n",
       " [np.float64(0.339834), np.float64(0.660166), np.float64(0.0)],\n",
       " [np.float64(0.441172), np.float64(0.552333), np.float64(0.006496)],\n",
       " [np.float64(0.074877), np.float64(0.925123), np.float64(0.0)],\n",
       " [np.float64(0.594094), np.float64(0.387919), np.float64(0.017987)],\n",
       " [np.float64(0.678695), np.float64(0.283363), np.float64(0.037942)],\n",
       " [np.float64(0.436819), np.float64(0.560911), np.float64(0.002269)],\n",
       " [np.float64(0.067546), np.float64(0.932454), np.float64(0.0)],\n",
       " [np.float64(0.403457), np.float64(0.417923), np.float64(0.17862)],\n",
       " [np.float64(0.517314), np.float64(0.397152), np.float64(0.085534)],\n",
       " [np.float64(0.388082), np.float64(0.611918), np.float64(0.0)],\n",
       " [np.float64(0.116398), np.float64(0.860361), np.float64(0.023241)],\n",
       " [np.float64(0.390641), np.float64(0.581348), np.float64(0.028012)],\n",
       " [np.float64(0.18605), np.float64(0.81395), np.float64(0.0)],\n",
       " [np.float64(0.216522), np.float64(0.783478), np.float64(0.0)],\n",
       " [np.float64(0.155843), np.float64(0.833819), np.float64(0.010338)],\n",
       " [np.float64(0.643926), np.float64(0.332022), np.float64(0.024053)],\n",
       " [np.float64(0.009712), np.float64(0.990042), np.float64(0.000246)],\n",
       " [np.float64(0.129669), np.float64(0.870331), np.float64(0.0)],\n",
       " [np.float64(0.696458), np.float64(0.132897), np.float64(0.170645)],\n",
       " [np.float64(0.021774), np.float64(0.978226), np.float64(0.0)],\n",
       " [np.float64(0.803918), np.float64(0.170211), np.float64(0.025871)],\n",
       " [np.float64(0.756131), np.float64(0.223832), np.float64(0.020038)],\n",
       " [np.float64(0.594297), np.float64(0.354449), np.float64(0.051253)],\n",
       " [np.float64(0.121545), np.float64(0.835259), np.float64(0.043196)],\n",
       " [np.float64(0.63424), np.float64(0.36576), np.float64(0.0)],\n",
       " [np.float64(0.005302), np.float64(0.99026), np.float64(0.004438)],\n",
       " [np.float64(0.41835), np.float64(0.58165), np.float64(0.0)],\n",
       " [np.float64(0.2749), np.float64(0.707042), np.float64(0.018059)],\n",
       " [np.float64(0.602865), np.float64(0.37992), np.float64(0.017215)],\n",
       " [np.float64(0.129405), np.float64(0.870595), np.float64(0.0)],\n",
       " [np.float64(0.076235), np.float64(0.923765), np.float64(0.0)],\n",
       " [np.float64(0.83877), np.float64(0.157906), np.float64(0.003325)],\n",
       " [np.float64(0.826512), np.float64(0.146869), np.float64(0.02662)],\n",
       " [np.float64(0.241859), np.float64(0.736995), np.float64(0.021146)],\n",
       " [np.float64(0.89045), np.float64(0.082163), np.float64(0.027388)],\n",
       " [np.float64(0.50752), np.float64(0.49248), np.float64(0.0)],\n",
       " [np.float64(0.174506), np.float64(0.809895), np.float64(0.015599)],\n",
       " [np.float64(0.164382), np.float64(0.833999), np.float64(0.001619)],\n",
       " [np.float64(0.409048), np.float64(0.576915), np.float64(0.014037)],\n",
       " [np.float64(0.671796), np.float64(0.298944), np.float64(0.029259)],\n",
       " [np.float64(0.566189), np.float64(0.433811), np.float64(0.0)],\n",
       " [np.float64(0.121581), np.float64(0.857129), np.float64(0.021289)],\n",
       " [np.float64(0.273614), np.float64(0.713433), np.float64(0.012952)],\n",
       " [np.float64(0.475701), np.float64(0.505651), np.float64(0.018648)],\n",
       " [np.float64(0.422965), np.float64(0.577035), np.float64(0.0)],\n",
       " [np.float64(0.455749), np.float64(0.531973), np.float64(0.012277)],\n",
       " [np.float64(0.541), np.float64(0.432), np.float64(0.027)],\n",
       " [np.float64(0.0), np.float64(0.975), np.float64(0.025)],\n",
       " [np.float64(0.075881), np.float64(0.918211), np.float64(0.005908)],\n",
       " [np.float64(0.727046), np.float64(0.176591), np.float64(0.096363)],\n",
       " [np.float64(0.911), np.float64(0.089), np.float64(0.0)],\n",
       " [np.float64(0.333704), np.float64(0.643287), np.float64(0.023009)],\n",
       " [np.float64(0.0), np.float64(1.0), np.float64(0.0)],\n",
       " [np.float64(0.195849), np.float64(0.802927), np.float64(0.001224)],\n",
       " [np.float64(0.935), np.float64(0.065), np.float64(0.0)],\n",
       " [np.float64(0.195956), np.float64(0.804044), np.float64(0.0)],\n",
       " [np.float64(0.490476), np.float64(0.509524), np.float64(0.0)],\n",
       " [np.float64(0.0), np.float64(0.997), np.float64(0.003)],\n",
       " [np.float64(0.333279), np.float64(0.631299), np.float64(0.035422)],\n",
       " [np.float64(0.544582), np.float64(0.434964), np.float64(0.020454)],\n",
       " [np.float64(0.834581), np.float64(0.165419), np.float64(0.0)],\n",
       " [np.float64(0.675493), np.float64(0.261575), np.float64(0.062932)],\n",
       " [np.float64(0.208106), np.float64(0.791894), np.float64(0.0)],\n",
       " [np.float64(0.918964), np.float64(0.064499), np.float64(0.016536)],\n",
       " [np.float64(0.432868), np.float64(0.567132), np.float64(0.0)],\n",
       " [np.float64(0.313006), np.float64(0.686994), np.float64(0.0)],\n",
       " [np.float64(0.069123), np.float64(0.919623), np.float64(0.011255)],\n",
       " [np.float64(0.262282), np.float64(0.726554), np.float64(0.011164)],\n",
       " [np.float64(0.405368), np.float64(0.545007), np.float64(0.049624)],\n",
       " [np.float64(0.788193), np.float64(0.176733), np.float64(0.035074)],\n",
       " [np.float64(0.539082), np.float64(0.460918), np.float64(0.0)],\n",
       " [np.float64(0.139), np.float64(0.86), np.float64(0.001)],\n",
       " [np.float64(0.529774), np.float64(0.470226), np.float64(0.0)],\n",
       " [np.float64(0.362408), np.float64(0.637592), np.float64(0.0)],\n",
       " [np.float64(0.682503), np.float64(0.257575), np.float64(0.059922)],\n",
       " [np.float64(0.39186), np.float64(0.576272), np.float64(0.031868)],\n",
       " [np.float64(0.065123), np.float64(0.93313), np.float64(0.001746)],\n",
       " [np.float64(0.075397), np.float64(0.924603), np.float64(0.0)],\n",
       " [np.float64(0.279186), np.float64(0.720462), np.float64(0.000353)],\n",
       " [np.float64(1.0), np.float64(0.0), np.float64(0.0)],\n",
       " [np.float64(0.850969), np.float64(0.108281), np.float64(0.04075)],\n",
       " [np.float64(0.0), np.float64(1.0), np.float64(0.0)],\n",
       " [np.float64(0.121764), np.float64(0.854161), np.float64(0.024076)],\n",
       " [np.float64(0.815522), np.float64(0.156184), np.float64(0.028294)],\n",
       " [np.float64(0.140641), np.float64(0.825082), np.float64(0.034277)],\n",
       " [np.float64(0.354016), np.float64(0.605553), np.float64(0.040431)],\n",
       " [np.float64(0.192903), np.float64(0.79229), np.float64(0.014807)],\n",
       " [np.float64(0.552297), np.float64(0.413768), np.float64(0.033935)],\n",
       " [np.float64(0.0), np.float64(1.0), np.float64(0.0)],\n",
       " [np.float64(0.446508), np.float64(0.553492), np.float64(0.0)],\n",
       " [np.float64(0.593136), np.float64(0.378804), np.float64(0.028061)],\n",
       " [np.float64(0.180016), np.float64(0.802756), np.float64(0.017228)],\n",
       " [np.float64(0.122594), np.float64(0.877406), np.float64(0.0)],\n",
       " [np.float64(0.632636), np.float64(0.351002), np.float64(0.016361)],\n",
       " [np.float64(0.426994), np.float64(0.552378), np.float64(0.020628)],\n",
       " [np.float64(0.072145), np.float64(0.927169), np.float64(0.000685)],\n",
       " [np.float64(0.305599), np.float64(0.693496), np.float64(0.000906)],\n",
       " [np.float64(0.840504), np.float64(0.13786), np.float64(0.021636)],\n",
       " [np.float64(0.783775), np.float64(0.201369), np.float64(0.014856)],\n",
       " [np.float64(0.339488), np.float64(0.644864), np.float64(0.015648)],\n",
       " [np.float64(0.504815), np.float64(0.494495), np.float64(0.00069)],\n",
       " [np.float64(0.22339), np.float64(0.775834), np.float64(0.000776)],\n",
       " [np.float64(0.728777), np.float64(0.228984), np.float64(0.042239)],\n",
       " [np.float64(0.113271), np.float64(0.879408), np.float64(0.007321)],\n",
       " [np.float64(0.359275), np.float64(0.640725), np.float64(0.0)],\n",
       " [np.float64(0.998081), np.float64(0.0), np.float64(0.001919)],\n",
       " [np.float64(0.304101), np.float64(0.641058), np.float64(0.054841)],\n",
       " [np.float64(0.731), np.float64(0.151), np.float64(0.118)],\n",
       " [np.float64(0.839469), np.float64(0.102576), np.float64(0.057954)],\n",
       " [np.float64(0.36815), np.float64(0.619643), np.float64(0.012207)],\n",
       " [np.float64(0.327731), np.float64(0.628615), np.float64(0.043654)],\n",
       " [np.float64(0.335839), np.float64(0.636325), np.float64(0.027835)],\n",
       " [np.float64(0.097254), np.float64(0.902746), np.float64(0.0)],\n",
       " [np.float64(0.022316), np.float64(0.977684), np.float64(0.0)],\n",
       " [np.float64(0.082837), np.float64(0.917163), np.float64(0.0)],\n",
       " [np.float64(0.267528), np.float64(0.720273), np.float64(0.012199)],\n",
       " [np.float64(0.149074), np.float64(0.829977), np.float64(0.020949)],\n",
       " [np.float64(0.425467), np.float64(0.54751), np.float64(0.027023)],\n",
       " [np.float64(0.312161), np.float64(0.658727), np.float64(0.029112)],\n",
       " [np.float64(0.754), np.float64(0.201), np.float64(0.045)],\n",
       " [np.float64(0.698353), np.float64(0.251825), np.float64(0.049822)],\n",
       " [np.float64(0.698037), np.float64(0.301963), np.float64(0.0)],\n",
       " [np.float64(0.889), np.float64(0.067), np.float64(0.044)],\n",
       " [np.float64(0.293303), np.float64(0.706697), np.float64(0.0)],\n",
       " [np.float64(0.975043), np.float64(0.0), np.float64(0.024957)],\n",
       " [np.float64(0.73289), np.float64(0.218463), np.float64(0.048648)],\n",
       " [np.float64(0.1291), np.float64(0.635669), np.float64(0.235231)],\n",
       " [np.float64(0.460961), np.float64(0.524712), np.float64(0.014326)],\n",
       " [np.float64(0.128923), np.float64(0.844001), np.float64(0.027076)],\n",
       " [np.float64(0.578251), np.float64(0.371423), np.float64(0.050326)],\n",
       " [np.float64(0.586653), np.float64(0.194909), np.float64(0.218438)],\n",
       " [np.float64(0.529245), np.float64(0.446313), np.float64(0.024442)],\n",
       " [np.float64(0.262619), np.float64(0.722361), np.float64(0.015021)],\n",
       " [np.float64(0.858428), np.float64(0.123272), np.float64(0.0183)],\n",
       " [np.float64(0.059606), np.float64(0.940394), np.float64(0.0)],\n",
       " [np.float64(0.117752), np.float64(0.866715), np.float64(0.015533)],\n",
       " [np.float64(0.521535), np.float64(0.428165), np.float64(0.0503)],\n",
       " [np.float64(0.556426), np.float64(0.443574), np.float64(0.0)],\n",
       " [np.float64(0.646201), np.float64(0.321552), np.float64(0.032248)],\n",
       " [np.float64(0.322803), np.float64(0.677197), np.float64(0.0)],\n",
       " [np.float64(0.205799), np.float64(0.791912), np.float64(0.002289)],\n",
       " [np.float64(0.103027), np.float64(0.876013), np.float64(0.02096)],\n",
       " [np.float64(0.253134), np.float64(0.715186), np.float64(0.03168)],\n",
       " [np.float64(0.441), np.float64(0.487), np.float64(0.072)],\n",
       " [np.float64(0.728447), np.float64(0.271553), np.float64(0.0)],\n",
       " [np.float64(0.024197), np.float64(0.964936), np.float64(0.010867)],\n",
       " [np.float64(0.373134), np.float64(0.626866), np.float64(0.0)],\n",
       " [np.float64(0.437039), np.float64(0.562961), np.float64(0.0)],\n",
       " [np.float64(0.229958), np.float64(0.770042), np.float64(0.0)],\n",
       " [np.float64(0.676278), np.float64(0.241397), np.float64(0.082325)],\n",
       " [np.float64(0.317754), np.float64(0.682246), np.float64(0.0)],\n",
       " [np.float64(0.352787), np.float64(0.647213), np.float64(0.0)],\n",
       " [np.float64(0.279581), np.float64(0.720419), np.float64(0.0)],\n",
       " [np.float64(0.567984), np.float64(0.43128), np.float64(0.000736)],\n",
       " [np.float64(0.510511), np.float64(0.469469), np.float64(0.02002)],\n",
       " [np.float64(0.019363), np.float64(0.980637), np.float64(0.0)],\n",
       " [np.float64(0.488509), np.float64(0.49179), np.float64(0.019701)],\n",
       " [np.float64(0.86), np.float64(0.093), np.float64(0.047)],\n",
       " [np.float64(0.070672), np.float64(0.907405), np.float64(0.021923)],\n",
       " [np.float64(0.42883), np.float64(0.517239), np.float64(0.053931)],\n",
       " [np.float64(0.71892), np.float64(0.233337), np.float64(0.047744)],\n",
       " [np.float64(0.720824), np.float64(0.265597), np.float64(0.013579)],\n",
       " [np.float64(0.285612), np.float64(0.683578), np.float64(0.030809)],\n",
       " [np.float64(0.599257), np.float64(0.251367), np.float64(0.149376)],\n",
       " [np.float64(0.362703), np.float64(0.62551), np.float64(0.011787)],\n",
       " [np.float64(0.683619), np.float64(0.191977), np.float64(0.124404)],\n",
       " [np.float64(0.83984), np.float64(0.136136), np.float64(0.024024)],\n",
       " [np.float64(0.007322), np.float64(0.992678), np.float64(0.0)],\n",
       " [np.float64(0.79095), np.float64(0.118477), np.float64(0.090573)],\n",
       " [np.float64(0.144379), np.float64(0.833553), np.float64(0.022068)],\n",
       " [np.float64(0.167323), np.float64(0.818644), np.float64(0.014033)],\n",
       " [np.float64(0.865772), np.float64(0.083457), np.float64(0.050771)],\n",
       " [np.float64(0.332964), np.float64(0.667036), np.float64(0.0)],\n",
       " [np.float64(0.711463), np.float64(0.226034), np.float64(0.062503)],\n",
       " [np.float64(0.442201), np.float64(0.557799), np.float64(0.0)],\n",
       " [np.float64(0.509744), np.float64(0.475134), np.float64(0.015122)],\n",
       " [np.float64(0.763234), np.float64(0.233295), np.float64(0.003471)],\n",
       " [np.float64(0.488786), np.float64(0.511214), np.float64(0.0)],\n",
       " [np.float64(0.305342), np.float64(0.670223), np.float64(0.024435)],\n",
